480 primary schedules on 20 workers
done in 39s

Mean per run. late = tasks planned to finish after D in EXECUTION order (id-order count in brackets); moved = tasks whose VM changed vs the previous stage; mk/D in execution order.
   n    DF |   greedy late  mk/D |      ils late  moved  mk/D |    final late (burst)  moved  mk/D | sweep B miss
  50  0.25 |  0.00 ( 1.50)  0.99 |  0.47 ( 1.37)   19.2  1.01 |  0.47 ( 1.33)    0.03    0.1  1.00 |         0.08
  50  0.50 |  0.00 ( 1.50)  0.99 |  0.47 ( 1.37)   19.2  1.01 |  0.47 ( 1.33)    0.03    0.1  1.00 |         0.08
  50  1.00 |  0.00 ( 0.00)  0.62 |  0.00 ( 0.00)   28.0  0.56 |  0.00 ( 0.00)    0.00    0.0  0.56 |         0.00
  50  2.00 |  0.00 ( 0.00)  0.79 |  0.00 ( 0.00)   41.7  0.29 |  0.00 ( 0.00)    0.00    0.0  0.29 |         0.00
 100  0.25 |  0.00 ( 4.90)  1.00 |  0.00 ( 4.90)    0.0  1.00 |  0.00 ( 4.90)    0.00    0.0  1.00 |         0.00
 100  0.50 |  0.00 ( 0.60)  0.97 |  0.13 ( 0.00)   39.3  0.92 |  0.03 ( 0.00)    0.00    2.2  0.90 |         0.01
 100  1.00 |  0.00 ( 0.00)  0.81 |  0.00 ( 0.00)   63.8  0.49 |  0.00 ( 0.00)    0.00    1.9  0.48 |         0.00
 100  2.00 |  0.00 ( 0.00)  0.89 |  0.00 ( 0.00)   84.6  0.25 |  0.00 ( 0.00)    0.00    2.2  0.25 |         0.00
 200  0.25 |  0.00 ( 7.13)  1.00 |  0.00 ( 7.13)    0.0  1.00 |  0.23 ( 5.43)    0.23    4.8  1.00 |         0.23
 200  0.50 |  0.00 ( 0.00)  0.81 |  0.00 ( 0.00)    6.3  0.82 |  0.00 ( 0.00)    0.00    2.0  0.82 |         0.00
 200  1.00 |  0.00 ( 0.00)  0.90 |  0.00 ( 0.00)  124.1  0.48 |  0.00 ( 0.00)    0.00    2.1  0.46 |         0.00
 200  2.00 |  0.00 ( 0.00)  0.94 |  0.00 ( 0.00)  162.2  0.24 |  0.00 ( 0.00)    0.00    2.5  0.23 |         0.00
 300  0.25 |  0.00 ( 5.33)  1.00 |  2.87 ( 8.17)    2.9  1.19 |  2.83 ( 5.23)    0.37    4.3  1.16 |         1.01
 300  0.50 |  0.00 ( 0.00)  0.87 |  0.00 ( 0.00)   30.5  0.84 |  0.00 ( 0.00)    0.00    2.0  0.82 |         0.00
 300  1.00 |  0.00 ( 0.00)  0.93 |  0.00 ( 0.00)  187.8  0.47 |  0.00 ( 0.00)    0.00    2.0  0.46 |         0.00
 300  2.00 |  0.00 ( 0.00)  0.96 |  0.00 ( 0.00)  242.9  0.24 |  0.00 ( 0.00)    0.00    2.5  0.23 |         0.00

wrote C:\my folder\projects\Improvement on Burst HADS\experiments\diag_primary_stages.json
