code fingerprint fb931f79c624: 7200 units in 80 cells
cell                        DF |  HADS mk       $  miss | Burst mk%     $%  miss |  R mk%     $%  miss | dom runs
sc1 n=50*                 0.25 |      336   0.086   0.0 |      -6.2  +18.9   0.0 |   -8.6  +12.6   0.0 |  Y  30
sc1 n=50*                 0.50 |      336   0.086   0.0 |      -6.2  +18.9   0.0 |   -8.6  +12.6   0.0 |  Y  30
sc1 n=50                  1.00 |      446   0.048   0.0 |      +7.1  +49.9   0.0 |  -31.3   -9.7   0.0 |  Y  30
sc1 n=50                  2.00 |      961   0.064   0.0 |     -36.2  +51.7   0.0 |  -67.8  -26.9   0.0 |  Y  30
sc1 n=100*                0.25 |      338   0.169   0.0 |      -2.3  +14.2   0.0 |   -2.9  +12.3   0.0 |  Y  30
sc1 n=100                 0.50 |      584   0.111   0.0 |      -2.5  +35.1   0.0 |  -23.5   +8.6   0.0 |  Y  30
sc1 n=100                 1.00 |     1044   0.104   0.0 |     -10.8  +41.0   0.0 |  -49.0   -5.1   0.0 |  Y  30
sc1 n=100                 2.00 |     2135   0.108   0.0 |     -55.1  +59.2   0.0 |  -77.7   -4.3   0.0 |  Y  30
sc1 n=200                 0.25 |      598   0.267   0.0 |      -1.5  +25.7   0.2 |   -5.2  +20.5   0.2 |  Y  30
sc1 n=200                 0.50 |     1176   0.178   0.0 |      -2.8  +36.3   0.0 |  -14.1   +7.1   0.0 |  Y  30
sc1 n=200                 1.00 |     2237   0.191   0.0 |     -25.4  +42.5   0.0 |  -49.7  +14.2   0.0 |  Y  30
sc1 n=200                 2.00 |     4490   0.185   0.0 |     -68.4  +44.3   0.0 |  -76.0  +28.8   0.0 |  Y  30
sc1 n=300                 0.25 |      896   0.368   0.0 |      +8.1  +34.7   1.4 |   +4.2  +25.8   1.1 |  Y  30
sc1 n=300                 0.50 |     1779   0.262   0.0 |      -2.4  +36.4   0.0 |  -13.1   +9.6   0.0 |  Y  30
sc1 n=300                 1.00 |     3446   0.265   0.0 |     -36.9  +36.3   0.0 |  -53.5  +16.6   0.0 |  Y  30
sc1 n=300                 2.00 |     6911   0.249   0.0 |     -71.3  +50.6   0.0 |  -78.1  +37.3   0.0 |  Y  30
sc2 n=50*                 0.25 |      336   0.083   0.0 |      +0.6  +27.1   0.1 |   -1.1  +24.6   0.1 |  Y  30
sc2 n=50*                 0.50 |      336   0.083   0.0 |      +0.6  +27.1   0.1 |   -1.1  +24.6   0.1 |  Y  30
sc2 n=50                  1.00 |      593   0.059   0.0 |      -4.4  +46.7   0.0 |  -11.1   +9.6   0.0 |  Y  30
sc2 n=50                  2.00 |     1145   0.065   0.0 |     -16.7  +67.0   0.0 |  -54.9  -16.2   0.0 |  Y  30
sc2 n=100*                0.25 |      338   0.166   0.0 |      -0.3  +14.9   0.0 |   -0.3  +13.7   0.0 |  Y  30
sc2 n=100                 0.50 |      597   0.130   0.0 |      -0.9  +37.7   0.0 |   -2.5  +12.8   0.0 |  Y  30
sc2 n=100                 1.00 |     1192   0.125   0.0 |      -3.0  +43.0   0.0 |  -12.8   +2.9   0.0 |  Y  30
sc2 n=100                 2.00 |     2350   0.131   0.0 |     -33.7  +48.5   0.0 |  -63.9  -10.5   0.0 |  Y  30
sc2 n=200                 0.25 |      598   0.281   0.0 |      +0.4  +27.3   0.2 |   +0.1  +16.7   0.2 |  Y  30
sc2 n=200                 0.50 |     1196   0.257   0.0 |      -0.7  +28.3   0.0 |   -2.5  -18.7   0.0 |  Y  30
sc2 n=200                 1.00 |     2391   0.248   0.0 |      -3.3  +45.2   0.0 |  -14.9   +5.9   0.0 |  Y  30
sc2 n=200                 2.00 |     4735   0.250   0.0 |     -42.2  +43.4   0.0 |  -66.4   -4.8   0.0 |  Y  30
sc2 n=300                 0.25 |      897   0.417   0.0 |     +10.5  +32.9   1.8 |   +9.8  +12.5   1.6 |  Y  30
sc2 n=300                 0.50 |     1794   0.385   0.0 |      -0.6  +28.8   0.0 |   -1.8  -20.3   0.0 |  Y  30
sc2 n=300                 1.00 |     3587   0.371   0.0 |      -2.6  +45.3   0.0 |  -16.5   +3.2   0.0 |  Y  30
sc2 n=300                 2.00 |     7123   0.367   0.0 |     -46.1  +38.6   0.0 |  -66.7   -0.6   0.0 |  Y  30
sc3 n=50*                 0.25 |      330   0.098   0.0 |      -5.6  +14.8   0.0 |   -9.0   +8.5   0.0 |  Y  30
sc3 n=50*                 0.50 |      330   0.098   0.0 |      -5.6  +14.8   0.0 |   -9.0   +8.5   0.0 |  Y  30
sc3 n=50                  1.00 |      408   0.052   0.0 |     +17.5  +63.1   0.0 |  -24.0   -3.5   0.0 |  Y  30
sc3 n=50                  2.00 |      809   0.072   0.0 |     -24.1  +51.6   0.0 |  -62.1  -33.8   0.0 |  Y  30
sc3 n=100*                0.25 |      338   0.182   0.0 |      -3.1  +11.9   0.0 |   -3.7  +12.0   0.0 |  N  30
sc3 n=100                 0.50 |      528   0.112   0.0 |      -0.1  +33.0   0.0 |  -16.1  +17.4   0.0 |  Y  30
sc3 n=100                 1.00 |      979   0.116   0.0 |     -12.5  +33.6   0.0 |  -49.3  -12.7   0.0 |  Y  30
sc3 n=100                 2.00 |     1910   0.152   0.0 |     -51.5  +17.2   0.0 |  -72.1  -23.9   0.0 |  Y  30
sc3 n=200                 0.25 |      595   0.280   0.0 |      -1.9  +23.7   0.2 |   -5.8  +21.3   0.2 |  Y  30
sc3 n=200                 0.50 |     1064   0.173   0.0 |      +6.1  +44.9   0.0 |   -7.1  +24.7   0.0 |  Y  30
sc3 n=200                 1.00 |     2174   0.240   0.0 |     -27.0  +21.9   0.0 |  -52.0   -8.6   0.0 |  Y  30
sc3 n=200                 2.00 |     4112   0.234   0.0 |     -65.9  +15.4   0.0 |  -73.5   +3.4   0.0 |  Y  30
sc3 n=300                 0.25 |      896   0.384   0.0 |      +0.4  +25.7   0.4 |   +0.1  +25.6   0.4 |  Y  30
sc3 n=300                 0.50 |     1646   0.250   0.0 |      +2.7  +42.5   0.0 |  -12.9  +23.1   0.0 |  Y  30
sc3 n=300                 1.00 |     3377   0.326   0.0 |     -41.3  +11.3   0.0 |  -57.6   -8.5   0.0 |  Y  30
sc3 n=300                 2.00 |     6468   0.293   0.0 |     -69.5  +30.3   0.0 |  -76.9  +14.7   0.0 |  Y  30
sc4 n=50*                 0.25 |      326   0.097   0.0 |      +0.9  +21.0   0.1 |   -3.8  +15.4   0.1 |  Y  30
sc4 n=50*                 0.50 |      326   0.097   0.0 |      +0.9  +21.0   0.1 |   -3.8  +15.4   0.1 |  Y  30
sc4 n=50                  1.00 |      423   0.048   0.0 |     +25.9  +84.5   0.0 |   -4.3  +27.3   0.0 |  Y  30
sc4 n=50                  2.00 |      667   0.061   0.0 |     +30.4 +119.1   0.0 |  -33.6   -1.5   0.0 |  Y  30
sc4 n=100*                0.25 |      336   0.182   0.0 |      -1.1  +11.5   0.0 |   -1.4  +11.0   0.0 |  Y  30
sc4 n=100                 0.50 |      556   0.126   0.0 |      -1.5  +33.4   0.0 |   -4.1  +16.9   0.0 |  Y  30
sc4 n=100                 1.00 |      922   0.101   0.0 |     +10.4  +62.0   0.0 |  -12.7  +32.1   0.0 |  Y  30
sc4 n=100                 2.00 |     1566   0.142   0.0 |     -20.1  +41.0   0.0 |  -56.5  -15.2   0.0 |  Y  30
sc4 n=200                 0.25 |      596   0.287   0.0 |      -1.0  +24.8   0.2 |   -2.2  +16.6   0.2 |  Y  30
sc4 n=200                 0.50 |     1127   0.237   0.0 |      -1.0  +28.3   0.0 |   -4.9   -5.4   0.0 |  Y  30
sc4 n=200                 1.00 |     2023   0.218   0.0 |      -3.9  +41.5   0.0 |  -27.6  +13.6   0.0 |  Y  30
sc4 n=200                 2.00 |     3657   0.299   0.0 |     -48.2   +4.1   0.0 |  -63.6  -19.0   0.0 |  Y  30
sc4 n=300                 0.25 |      896   0.417   0.0 |      +0.4  +23.8   0.5 |   +0.5  +10.5   0.4 |  N  30
sc4 n=300                 0.50 |     1732   0.359   0.0 |      -3.0  +25.6   0.0 |   -5.8   -6.7   0.0 |  Y  30
sc4 n=300                 1.00 |     3220   0.344   0.0 |     -16.5  +23.3   0.0 |  -39.5   -5.1   0.0 |  Y  30
sc4 n=300                 2.00 |     6083   0.410   0.0 |     -58.7   +1.1   0.0 |  -69.6  -17.4   0.0 |  Y  30
sc5 n=50*                 0.25 |      330   0.096   0.0 |      -1.6  +20.1   0.1 |   -6.8  +12.6   0.1 |  Y  30
sc5 n=50*                 0.50 |      330   0.096   0.0 |      -1.6  +20.1   0.1 |   -6.8  +12.6   0.1 |  Y  30
sc5 n=50                  1.00 |      437   0.049   0.0 |     +21.6  +75.2   0.0 |   -6.5  +25.6   0.0 |  Y  30
sc5 n=50                  2.00 |      746   0.064   0.0 |     +18.8 +109.3   0.0 |  -43.3  -11.8   0.0 |  Y  30
sc5 n=100*                0.25 |      337   0.180   0.0 |      -1.4  +11.8   0.0 |   -1.8  +11.0   0.0 |  Y  30
sc5 n=100                 0.50 |      576   0.125   0.0 |      -2.8  +32.9   0.0 |   -7.6  +16.5   0.0 |  Y  30
sc5 n=100                 1.00 |      981   0.103   0.0 |      +5.0  +57.9   0.0 |  -19.0  +27.7   0.0 |  Y  30
sc5 n=100                 2.00 |     1757   0.142   0.0 |     -33.4  +32.7   0.0 |  -58.6   -9.4   0.0 |  Y  30
sc5 n=200                 0.25 |      597   0.283   0.0 |      -1.6  +23.9   0.2 |   -1.6  +18.5   0.2 |  Y  30
sc5 n=200                 0.50 |     1160   0.231   0.0 |      -2.7  +27.2   0.0 |   -7.4   -5.1   0.0 |  Y  30
sc5 n=200                 1.00 |     2154   0.223   0.0 |     -12.5  +33.5   0.0 |  -33.6   +9.1   0.0 |  Y  30
sc5 n=200                 2.00 |     4021   0.271   0.0 |     -53.3  +14.2   0.0 |  -68.9  -15.3   0.0 |  Y  30
sc5 n=300                 0.25 |      896   0.405   0.0 |      +4.7  +28.6   1.0 |   +1.3  +14.1   0.6 |  Y  30
sc5 n=300                 0.50 |     1760   0.344   0.0 |      -3.3  +26.5   0.0 |   -6.0   -4.1   0.0 |  Y  30
sc5 n=300                 1.00 |     3346   0.333   0.0 |     -21.4  +23.0   0.0 |  -39.8   +1.9   0.0 |  Y  30
sc5 n=300                 2.00 |     6514   0.361   0.0 |     -62.2  +14.3   0.0 |  -71.2   -2.9   0.0 |  Y  30
(* = D set by min_feasible_deadline floor)
wrote sweep_summary_fb931f79c624.json
